   4.5000000e+01   5.7507650e-04  -9.3652121e-04
   4.5100000e+01   5.3114590e-04  -8.8057773e-04
   4.5200000e+01   4.9073849e-04  -8.2428866e-04
   4.5300000e+01   4.8114681e-04  -8.0384258e-04
   4.5400000e+01   4.8761902e-04  -8.0615595e-04
   4.5500000e+01   5.0056336e-04  -8.2090218e-04
   4.5600000e+01   5.1354339e-04  -8.3964012e-04
   4.5700000e+01   5.2472378e-04  -8.5830621e-04
   4.5800000e+01   5.3570315e-04  -8.7726706e-04
   4.5900000e+01   5.4928993e-04  -8.9984023e-04
   4.6000000e+01   5.6779378e-04  -9.3127381e-04
   4.6100000e+01   5.8754203e-04  -9.7234930e-04
   4.6200000e+01   5.9608896e-04  -1.0118629e-03
   4.6300000e+01   5.8234039e-04  -1.0317721e-03
   4.6400000e+01   5.5228136e-04  -1.0257126e-03
   4.6500000e+01   5.2744690e-04  -1.0086510e-03
   4.6600000e+01   5.2208492e-04  -1.0010673e-03
   4.6700000e+01   5.2926203e-04  -1.0075937e-03
   4.6800000e+01   5.3399999e-04  -1.0170316e-03
   4.6900000e+01   5.3530241e-04  -1.0224323e-03
   4.7000000e+01   5.4620573e-04  -1.0329968e-03
   4.7100000e+01   5.7158414e-04  -1.0610383e-03
   4.7200000e+01   5.9489528e-04  -1.1009334e-03
   4.7300000e+01   5.9639843e-04  -1.1307237e-03
   4.7400000e+01   5.8263320e-04  -1.1396320e-03
   4.7500000e+01   5.8424953e-04  -1.1466313e-03
   4.7600000e+01   6.1614013e-04  -1.1795060e-03
   4.7700000e+01   6.5350940e-04  -1.2390021e-03
   4.7800000e+01   6.5912513e-04  -1.2951208e-03
   4.7900000e+01   6.2828043e-04  -1.3216407e-03
   4.8000000e+01   5.9059692e-04  -1.3223459e-03
   4.8100000e+01   5.7253426e-04  -1.3194839e-03
   4.8200000e+01   5.7365612e-04  -1.3269409e-03
   4.8300000e+01   5.7999815e-04  -1.3424225e-03
   4.8400000e+01   5.8766940e-04  -1.3613658e-03
   4.8500000e+01   6.0420078e-04  -1.3885326e-03
   4.8600000e+01   6.3061438e-04  -1.4317687e-03
   4.8700000e+01   6.5075837e-04  -1.4867612e-03
   4.8800000e+01   6.4671267e-04  -1.5354980e-03
   4.8900000e+01   6.2350502e-04  -1.5651511e-03
   4.9000000e+01   6.0757377e-04  -1.5847150e-03
   4.9100000e+01   6.1477407e-04  -1.6147852e-03
   4.9200000e+01   6.3094941e-04  -1.6627043e-03
   4.9300000e+01   6.3098896e-04  -1.7150347e-03
   4.9400000e+01   6.1066734e-04  -1.7561302e-03
   4.9500000e+01   5.8812503e-04  -1.7862600e-03
   4.9600000e+01   5.7822556e-04  -1.8175313e-03
   4.9700000e+01   5.7647367e-04  -1.8571254e-03
   4.9800000e+01   5.7010958e-04  -1.9006727e-03
   4.9900000e+01   5.5717064e-04  -1.9417430e-03
   5.0000000e+01   5.4744478e-04  -1.9821190e-03
   5.0100000e+01   5.4740236e-04  -2.0295999e-03
   5.0200000e+01   5.5088800e-04  -2.0879190e-03
   5.0300000e+01   5.4683607e-04  -2.1524927e-03
   5.0400000e+01   5.3228370e-04  -2.2165688e-03
   5.0500000e+01   5.1341590e-04  -2.2783820e-03
   5.0600000e+01   4.9711518e-04  -2.3415206e-03
   5.0700000e+01   4.8539813e-04  -2.4110965e-03
   5.0800000e+01   4.7531383e-04  -2.4905647e-03
   5.0900000e+01   4.5961900e-04  -2.5791978e-03
   5.1000000e+01   4.2958249e-04  -2.6700435e-03
   5.1100000e+01   3.8706059e-04  -2.7555308e-03
   5.1200000e+01   3.5097579e-04  -2.8403798e-03
   5.1300000e+01   3.3864202e-04  -2.9449387e-03
   5.1400000e+01   3.3651964e-04  -3.0869540e-03
   5.1500000e+01   3.0208761e-04  -3.2594435e-03
   5.1600000e+01   2.0197860e-04  -3.4328768e-03
   5.1700000e+01   3.6079205e-05  -3.5759001e-03
   5.1800000e+01  -1.6721272e-04  -3.6725882e-03
   5.1900000e+01  -3.6252838e-04  -3.7322334e-03
   5.2000000e+01  -5.0244509e-04  -3.7969089e-03
   5.2100000e+01  -5.9368828e-04  -3.9180863e-03
   5.2200000e+01  -7.2757252e-04  -4.0999852e-03
   5.2300000e+01  -1.0064248e-03  -4.2741410e-03
   5.2400000e+01  -1.4259890e-03  -4.3565611e-03
   5.2500000e+01  -1.8762560e-03  -4.3275258e-03
   5.2600000e+01  -2.2654351e-03  -4.2354287e-03
   5.2700000e+01  -2.5979053e-03  -4.1311058e-03
   5.2800000e+01  -2.9271563e-03  -4.0214793e-03
   5.2900000e+01  -3.2733081e-03  -3.8868692e-03
   5.3000000e+01  -3.6138666e-03  -3.7182589e-03
   5.3100000e+01  -3.9252003e-03  -3.5262895e-03
   5.3200000e+01  -4.2091192e-03  -3.3240440e-03
   5.3300000e+01  -4.4799530e-03  -3.1134056e-03
   5.3400000e+01  -4.7415656e-03  -2.8896254e-03
   5.3500000e+01  -4.9854563e-03  -2.6523285e-03
   5.3600000e+01  -5.2055971e-03  -2.4074714e-03
   5.3700000e+01  -5.4076925e-03  -2.1598108e-03
   5.3800000e+01  -5.6018873e-03  -1.9071140e-03
   5.3900000e+01  -5.7903902e-03  -1.6433171e-03
   5.4000000e+01  -5.9666247e-03  -1.3652793e-03
   5.4100000e+01  -6.1240352e-03  -1.0745844e-03
   5.4200000e+01  -6.2617467e-03  -7.7392662e-04
   5.4300000e+01  -6.3821934e-03  -4.6367139e-04
   5.4400000e+01  -6.4867612e-03  -1.4152087e-04
   5.4500000e+01  -6.5740932e-03   1.9653555e-04
   5.4600000e+01  -6.6368205e-03   5.5387947e-04
   5.4700000e+01  -6.6601170e-03   9.2844701e-04
   5.4800000e+01  -6.6294618e-03   1.3097313e-03
   5.4900000e+01  -6.5427336e-03   1.6833522e-03
   5.5000000e+01  -6.4102547e-03   2.0395389e-03
   5.5100000e+01  -6.2426836e-03   2.3758033e-03
   5.5200000e+01  -6.0432453e-03   2.6921817e-03
   5.5300000e+01  -5.8116470e-03   2.9865462e-03
   5.5400000e+01  -5.5510072e-03   3.2552272e-03
   5.5500000e+01  -5.2682148e-03   3.4963593e-03
   5.5600000e+01  -4.9685072e-03   3.7106272e-03
   5.5700000e+01  -4.6522218e-03   3.8981995e-03
   5.5800000e+01  -4.3192073e-03   4.0561513e-03
   5.5900000e+01  -3.9759119e-03   4.1808673e-03
   5.6000000e+01  -3.6343909e-03   4.2734645e-03
   5.6100000e+01  -3.3005970e-03   4.3401566e-03
   5.6200000e+01  -2.9676220e-03   4.3842803e-03
   5.6300000e+01  -2.6282584e-03   4.3996581e-03
   5.6400000e+01  -2.2949827e-03   4.3775067e-03
   5.6500000e+01  -1.9972852e-03   4.3224982e-03
   5.6600000e+01  -1.7491411e-03   4.2560669e-03
   5.6700000e+01  -1.5296259e-03   4.1979007e-03
   5.6800000e+01  -1.3054456e-03   4.1470891e-03
   5.6900000e+01  -1.0683503e-03   4.0869033e-03
   5.7000000e+01  -8.3758155e-04   4.0056542e-03
   5.7100000e+01  -6.3285494e-04   3.9069915e-03
   5.7200000e+01  -4.5691646e-04   3.8023973e-03
   5.7300000e+01  -3.0107293e-04   3.7003660e-03
   5.7400000e+01  -1.5599020e-04   3.6033353e-03
   5.7500000e+01  -1.4603697e-05   3.5092908e-03
   5.7600000e+01   1.2566555e-04   3.4136706e-03
   5.7700000e+01   2.6186359e-04   3.3122279e-03
   5.7800000e+01   3.8854386e-04   3.2036708e-03
   5.7900000e+01   5.0278708e-04   3.0895070e-03
   5.8000000e+01   6.0476870e-04   2.9716648e-03
   5.8100000e+01   6.9521092e-04   2.8510892e-03
   5.8200000e+01   7.7370368e-04   2.7282049e-03
   5.8300000e+01   8.3927380e-04   2.6038515e-03
   5.8400000e+01   8.9143644e-04   2.4794820e-03
   5.8500000e+01   9.3040464e-04   2.3568556e-03
   5.8600000e+01   9.5695982e-04   2.2378097e-03
   5.8700000e+01   9.7235003e-04   2.1242403e-03
   5.8800000e+01   9.7877118e-04   2.0180479e-03
   5.8900000e+01   9.8003380e-04   1.9205049e-03
   5.9000000e+01   9.8100834e-04   1.8309926e-03
   5.9100000e+01   9.8443087e-04   1.7465245e-03
   5.9200000e+01   9.8901731e-04   1.6633839e-03
   5.9300000e+01   9.9114146e-04   1.5793183e-03
   5.9400000e+01   9.8777949e-04   1.4941295e-03
   5.9500000e+01   9.7709579e-04   1.4088606e-03
   5.9600000e+01   9.5810532e-04   1.3252203e-03
   5.9700000e+01   9.3044319e-04   1.2455795e-03
   5.9800000e+01   8.9536152e-04   1.1730622e-03
   5.9900000e+01   8.5714694e-04   1.1106346e-03
   6.0000000e+01   8.2252065e-04   1.0590172e-03
   6.0100000e+01   7.9646025e-04   1.0153612e-03
   6.0200000e+01   7.7958599e-04   9.7451194e-04
   6.0300000e+01   7.6851708e-04   9.3127790e-04
   6.0400000e+01   7.5697796e-04   8.8229810e-04
   6.0500000e+01   7.3732452e-04   8.2790373e-04
   6.0600000e+01   7.0628421e-04   7.7287372e-04
   6.0700000e+01   6.6822474e-04   7.2309828e-04
   6.0800000e+01   6.3047931e-04   6.8079274e-04
   6.0900000e+01   5.9562192e-04   6.4389493e-04
   6.1000000e+01   5.6110762e-04   6.1025736e-04
   6.1100000e+01   5.2549235e-04   5.8065314e-04
   6.1200000e+01   4.9227206e-04   5.5682678e-04
   6.1300000e+01   4.6587434e-04   5.3758312e-04
   6.1400000e+01   4.4507638e-04   5.1872108e-04
   6.1500000e+01   4.2335811e-04   4.9766770e-04
   6.1600000e+01   3.9728752e-04   4.7683317e-04
   6.1700000e+01   3.7158269e-04   4.6037690e-04
   6.1800000e+01   3.5306789e-04   4.4807572e-04
   6.1900000e+01   3.4074595e-04   4.3468588e-04
   6.2000000e+01   3.2602301e-04   4.1645853e-04
   6.2100000e+01   3.0382112e-04   3.9627396e-04
   6.2200000e+01   2.7931082e-04   3.8001685e-04
   6.2300000e+01   2.6092101e-04   3.6879068e-04
   6.2400000e+01   2.4878144e-04   3.5737938e-04
   6.2500000e+01   2.3454691e-04   3.4114490e-04
   6.2600000e+01   2.1228409e-04   3.2197680e-04
   6.2700000e+01   1.8520148e-04   3.0570378e-04
   6.2800000e+01   1.6033939e-04   2.9519704e-04
   6.2900000e+01   1.3952964e-04   2.8832082e-04
   6.3000000e+01   1.1903465e-04   2.8265391e-04
   6.3100000e+01   9.7162272e-05   2.7973506e-04
   6.3200000e+01   7.8922634e-05   2.8290107e-04
   6.3300000e+01   7.0778560e-05   2.9151812e-04
   6.3400000e+01   7.1981917e-05   2.9960788e-04
   6.3500000e+01   7.4477697e-05   3.0136766e-04
   6.3600000e+01   7.1445121e-05   2.9661364e-04
   6.3700000e+01   6.2724783e-05   2.8964639e-04
   6.3800000e+01   5.2176575e-05   2.8440166e-04
   6.3900000e+01   4.2838331e-05   2.8203402e-04
   6.4000000e+01   3.6023481e-05   2.8199101e-04
   6.4100000e+01   3.2159164e-05   2.8320036e-04
   6.4200000e+01   3.1352019e-05   2.8426596e-04
   6.4300000e+01   3.2573154e-05   2.8309928e-04
   6.4400000e+01   3.2471246e-05   2.7741196e-04
   6.4500000e+01   2.6237495e-05   2.6686429e-04
   6.4600000e+01   1.2707077e-05   2.5520076e-04
   6.4700000e+01  -2.7523788e-06   2.4795830e-04
   6.4800000e+01  -1.3358901e-05   2.4687745e-04
   6.4900000e+01  -1.9182956e-05   2.4816140e-04
   6.5000000e+01  -2.6354492e-05   2.4855761e-04
   6.5100000e+01  -3.5003409e-05   2.5176497e-04
   6.5200000e+01  -3.2423276e-05   2.6312336e-04
   6.5300000e+01  -9.8160969e-06   2.7444446e-04
   6.5400000e+01   1.1564349e-05   2.6198463e-04
   6.5500000e+01  -1.2713334e-05   2.1400416e-04
   6.5600000e+01  -9.2917229e-05   1.6266134e-04
   6.5700000e+01  -1.7213099e-04   1.6452808e-04
   6.5800000e+01  -1.7769655e-04   2.3795322e-04
   6.5900000e+01  -1.0441701e-04   3.3433812e-04
   6.6000000e+01  -1.6480902e-05   3.8827817e-04
   6.6100000e+01   2.8149438e-05   3.8171576e-04
   6.6200000e+01   2.5915183e-05   3.4545128e-04
   6.6300000e+01   5.9196017e-06   3.1480874e-04
   6.6400000e+01  -1.0012816e-05   3.0186783e-04
   6.6500000e+01  -1.4931438e-05   3.0274340e-04
   6.6600000e+01  -1.0656026e-05   3.0911903e-04
   6.6700000e+01  -3.1163463e-06   3.1373770e-04
   6.6800000e+01   1.5284570e-06   3.1352397e-04
   6.6900000e+01   2.6476006e-06   3.1125808e-04
   6.7000000e+01   4.9266531e-06   3.1123856e-04
   6.7100000e+01   1.1446286e-05   3.1318565e-04
   6.7200000e+01   1.9352916e-05   3.1221243e-04
   6.7300000e+01   2.2806698e-05   3.0418081e-04
   6.7400000e+01   1.8152512e-05   2.8955840e-04
   6.7500000e+01   5.3238165e-06   2.7281719e-04
   6.7600000e+01  -1.1107440e-05   2.6132713e-04
   6.7700000e+01  -2.1775622e-05   2.6255290e-04
   6.7800000e+01  -1.8341963e-05   2.7756773e-04
   6.7900000e+01  -2.4213056e-06   2.9710036e-04
   6.8000000e+01   1.4862537e-05   3.0837964e-04
   6.8100000e+01   2.3925958e-05   3.0648603e-04
   6.8200000e+01   2.3710361e-05   2.9618663e-04
   6.8300000e+01   1.8711223e-05   2.8491061e-04
   6.8400000e+01   1.3399741e-05   2.7708659e-04
   6.8500000e+01   1.0709949e-05   2.7389897e-04
   6.8600000e+01   1.0840681e-05   2.7340868e-04
   6.8700000e+01   1.0793170e-05   2.7198884e-04
   6.8800000e+01   8.0240838e-06   2.6900194e-04
   6.8900000e+01   6.0982096e-06   2.7013699e-04
   6.9000000e+01   1.3241520e-05   2.8148542e-04
   6.9100000e+01   2.9998515e-05   2.9678297e-04
   6.9200000e+01   4.2190104e-05   2.9730054e-04
   6.9300000e+01   3.4313426e-05   2.7258010e-04
   6.9400000e+01   1.0878288e-05   2.3927709e-04
   6.9500000e+01  -4.8562526e-06   2.2802582e-04
   6.9600000e+01   2.0576411e-06   2.4831973e-04
   6.9700000e+01   2.1816213e-05   2.7761943e-04
   6.9800000e+01   3.3776340e-05   2.8736464e-04
   6.9900000e+01   2.7907637e-05   2.6985961e-04
   7.0000000e+01   2.0222024e-05   2.5282502e-04
