energy	beta_circ	deltabeta	err_dbeta	deltadelta	err_ddelta	deltabeta_no_corr	deltadelta_no_corr
45.0008880000000	0.119411292586669	0.000821591180759353	0.0732464262282672	0.00232284459245342	0.465603687137978	0.000651912552900499	0.00261377443403878
45.3738060000000	0.116483661037095	0.000613868818187074	0.0732319210362677	6.99648051458164e-07	0.429093165788512	0.000666958190108470	6.29854801520931e-05
45.7470450000000	0.112309267974193	0.000761279606071854	0.0732180995209052	0.00160530063152514	0.393208277557248	0.000669695046090506	0.00181602179344587
46.1203040000000	0.108711180110316	0.000672998775620236	0.0732043984418952	0.000441192731297970	0.362563875141888	0.000687739141734380	0.000541258884643121
46.4935040000000	0.105977534068362	0.000526422525137993	0.0731911299641708	-0.000555288478051085	0.336763179827828	0.000620170876418821	-0.000552671944833700
46.8668520000000	0.104718514871734	0.000504101598847895	0.0731791328180279	-0.000842997610750995	0.316840137893314	0.000620129034228914	-0.000865069116653973
47.2404060000000	0.100810475067423	0.000587410850094325	0.0731680434466249	5.54273543114717e-05	0.294578400055189	0.000628670479239802	0.000110409457614506
47.6135260000000	0.0981702137523817	0.000579390654660400	0.0731580333970082	0.000108411341884531	0.277296413193347	0.000614741625776132	0.000165190577924428
47.9870760000000	0.0969373619256741	0.000469079909435557	0.0731486978234208	-0.000880008391419343	0.263883834030981	0.000576582114604461	-0.000907211709446240
48.3603480000000	0.0957685319292620	0.000366280647334300	0.0731393491047907	-0.000602386607071467	0.253647188251364	0.000441809214016328	-0.000616661638792043
48.7337990000000	0.0950440493611666	0.000515902319977519	0.0731321633039388	3.48366855114089e-05	0.244697090880526	0.000549825066862699	7.86542835426210e-05
49.1070890000000	0.0945762037756350	0.000657812465899634	0.0731259396736873	0.000962017909089030	0.236638534327641	0.000627020262905881	0.00108106110221061
49.4804350000000	0.0943131884331532	0.000565157486638503	0.0731200128077669	0.000122647176516229	0.229470656000444	0.000593747006454681	0.000175597548694976
49.8532820000000	0.0949189229575472	0.000580530168291442	0.0731148692764660	0.000351545059887124	0.224004668224868	0.000590976042046779	0.000420744158703330
50.2269040000000	0.0945927342521921	0.000557648092461384	0.0731100078061539	0.000309168670910050	0.217440906454025	0.000569233221378046	0.000372995955558328
50.6005430000000	0.0947592068081396	0.000545364665616613	0.0731054989869987	0.000234146448875017	0.211827185165004	0.000561215995374068	0.000291745032438790
50.9738700000000	0.0932796107310650	0.000502195350574203	0.0731011855710995	-2.80322475866237e-05	0.204520224521380	0.000535246790673808	9.01550957455889e-06
51.3472380000000	0.0929254650249376	0.000561420264957760	0.0730968285174702	0.000300516094038206	0.197733698142095	0.000572083121113312	0.000361620236292181
51.7202400000000	0.0925077008190827	0.000601152258684184	0.0730924265670925	0.000302032333383333	0.191266272616442	0.000613416036014222	0.000365525363869242
52.0938400000000	0.0918546120645366	0.000523490820731774	0.0730882249354723	0.000131167997758114	0.184708616160711	0.000543597953317437	0.000178161024997766
52.4669320000000	0.0915816705191112	0.000554753608345976	0.0730841829922744	2.99895563439645e-05	0.178293611259667	0.000583543525392653	7.32687840368435e-05
52.8401030000000	0.0913572580360204	0.000533167670673751	0.0730797720943174	0.000239056591966643	0.172538473610038	0.000544448009478259	0.000291893707674760
53.2136730000000	0.0907037497535923	0.000546495924437936	0.0730758348813761	0.000332645365069432	0.167057568031549	0.000551070457640363	0.000390776854871505
53.5871970000000	0.0892914961599013	0.000456503019094387	0.0730719295504720	-4.14260783357613e-05	0.161431950251346	0.000483345637833573	-1.04569720314128e-05
53.9602590000000	0.0885053740601596	0.000506644251806989	0.0730683803699105	0.000346819872970870	0.156819918805053	0.000507600600615041	0.000400874354556234
54.3337320000000	0.0878085595402676	0.000483261907760367	0.0730652373425856	9.33388722766094e-05	0.152846449980604	0.000500723413569728	0.000132323042960320
54.7068910000000	0.0873943588341685	0.000488600498795258	0.0730622779634907	0.000369720133621188	0.149320118292015	0.000486296969455993	0.000422178174551676
55.0805490000000	0.0869551168980291	0.000484252038684594	0.0730596566307510	0.000343477492127078	0.146004001723803	0.000483204496277124	0.000393706180232583
55.4536930000000	0.0865201029885171	0.000484098130017552	0.0730571858478294	0.000152674801549247	0.142999232474156	0.000495928331952029	0.000193408689424968
55.8269950000000	0.0861817190936868	0.000473028540979121	0.0730549625463225	0.000180389678393755	0.140243693001565	0.000481956857799823	0.000221232122770317
56.2005100000000	0.0861504506084771	0.000506579466128649	0.0730528659476052	0.000163338446330081	0.137692287772847	0.000517650030458436	0.000205450162101813
56.5734380000000	0.0859114157099537	0.000459233334093854	0.0730509103897720	0.000165858352092027	0.135035473164678	0.000467584129394070	0.000204474941148534
56.9467440000000	0.0849170683933704	0.000519016084562437	0.0730486994803766	0.000266927434784101	0.132069855663180	0.000522740332894266	0.000313239683647062
57.3205170000000	0.0847723481804029	0.000487826545346938	0.0730466197597292	0.000419911850995804	0.129066330410317	0.000479477184407800	0.000469959529324113
57.6937470000000	0.0839797230993888	0.000496706299081184	0.0730445059932661	0.000538034795875574	0.125811217069643	0.000480662420157412	0.000592577714659778
58.0674500000000	0.0833040685296305	0.000601440405323595	0.0730425376607179	0.000491180589006615	0.122839990575080	0.000592389034284220	0.000549907557268436
58.4404560000000	0.0827478728844770	0.000570435766698042	0.0730407267542683	0.000529987298868286	0.120001232773733	0.000557317809987495	0.000587277248020628
58.8135560000000	0.0822987615838124	0.000640218165384920	0.0730391163338545	0.000530633878796665	0.117439173821825	0.000629211528773498	0.000591567420198897
59.1869230000000	0.0818101528598885	0.000533126374707437	0.0730374127833195	0.000547493185634908	0.115001828745285	0.000516782138448784	0.000601176361971820
59.5605080000000	0.0814546801103668	0.000532807986200180	0.0730359219969642	0.000594812740727984	0.112764048362680	0.000513004917992169	0.000649178654146334
59.9339910000000	0.0804841659496623	0.000642053433455866	0.0730344738667406	0.000567131403537949	0.110455270183684	0.000627472988958006	0.000626234870045566
60.3066140000000	0.0798040473270367	0.000525392309014888	0.0730328834439752	0.000738139670663672	0.108530789126143	0.000496044505121678	0.000794226256093215
60.6800910000000	0.0791271680675703	0.000600482299936050	0.0730316140915893	0.000691454681483954	0.106765260378025	0.000575958245755574	0.000749198694174410
61.0539370000000	0.0785425175321623	0.000567990485392701	0.0730303846194515	0.000809537842762231	0.105179019645088	0.000534826000290292	0.000867146003371387
61.4270870000000	0.0775977009835641	0.000696674252472916	0.0730292739875445	0.000933552129844972	0.103683039031073	0.000659385772240306	0.00100042447913445
61.8000220000000	0.0769257955937817	0.000754550457001041	0.0730282191917820	0.000898647371821390	0.102377937887851	0.000720380306564900	0.000966141858164310
62.1736840000000	0.0761197253440695	0.000727953366799181	0.0730271921051530	0.00121145947402103	0.101211510404480	0.000674422219288627	0.00128286727062541
62.5469920000000	0.0750387928485411	0.000761635689841472	0.0730262548809137	0.00137383539723559	0.100135290943972	0.000699653409664940	0.00144826573510534
62.9203300000000	0.0744728062309268	0.000682339128341598	0.0730253758905288	0.00130142690482924	0.0992702375859794	0.000622498441211716	0.00136728184690998
63.2940740000000	0.0733712372512264	0.000795746683927047	0.0730245578506341	0.00180453938950521	0.0984199895596222	0.000710290746808078	0.00188382577558832
63.6666140000000	0.0723071896261759	0.000853642247197073	0.0730238261998803	0.00197852582015732	0.0976569792894098	0.000760070134576946	0.00206006122555208
64.0404250000000	0.0714453595690544	0.000800467911510080	0.0730231581147146	0.00236097461594497	0.0969990889379910	0.000685555432564056	0.00244141142619998
64.4138690000000	0.0709283934480563	0.000754224026766143	0.0730226402559327	0.00269553334080314	0.0966059515215578	0.000620676703929580	0.00277315389146661
64.7872280000000	0.0715602425900962	0.000486746250036057	0.0730223218012658	0.00339666167284433	0.0965499990160001	0.000310126628440929	0.00346197001021114
65.1603520000000	0.0745591787246945	-0.000106705501933755	0.0730226801968859	0.00441288335003133	0.0972242464955968	-0.000353194316893750	0.00444687961744883
65.5333190000000	0.0819007151486756	-0.00134651791601990	0.0730242051043724	0.00524827744470754	0.0993389058428776	-0.00167491919989294	0.00520127794166093
65.9070460000000	0.0930383346952632	-0.00320307748006094	0.0730269782066809	0.00484511525217257	0.103036100486991	-0.00355105197898414	0.00464577470745962
66.2803670000000	0.101608016665728	-0.00489502929647553	0.0730292164100395	0.00279196179402484	0.106310112349988	-0.00511582388756926	0.00243129938798449
66.6535740000000	0.104894401563453	-0.00531196364534655	0.0730299822708836	0.000357555786175188	0.107678945481578	-0.00534718662773998	-5.26581735565375e-05
67.0274250000000	0.106063145152060	-0.00475846972790182	0.0730300217717889	-0.00166216603822715	0.108206394445312	-0.00463403259557619	-0.00203594166375841
67.4000750000000	0.107134681872978	-0.00351394887595773	0.0730303494410362	-0.00288524630211904	0.108862845140099	-0.00328937432504047	-0.00316505224456806
67.7731520000000	0.109176859025869	-0.00214284559211648	0.0730309639779943	-0.00309004623984439	0.110001891833250	-0.00189734296812243	-0.00326750212329385
68.1469610000000	0.110098844470268	-0.000960581592164997	0.0730313547994980	-0.00287435055547263	0.110723181950595	-0.000729194737965501	-0.00296053082329390
68.5205710000000	0.110317926775524	-0.000445317160562706	0.0730310827089750	-0.00242442614605357	0.111232601776356	-0.000248802266388243	-0.00247067662913611
68.8943010000000	0.109262925543666	-0.000102120400153921	0.0730303523482701	-0.00165245798309391	0.111149959878520	3.16565361127528e-05	-0.00167072469902775
69.2675390000000	0.107716128653086	-6.56848753119608e-05	0.0730294546541476	-0.00135204913832334	0.110963830194095	4.26293432973239e-05	-0.00136840080894790
69.6402200000000	0.106174536190501	2.04273682656978e-05	0.0730284974849260	-0.00121374084322025	0.110844525844011	0.000117355102480702	-0.00122466434376418
70.0133360000000	0.104763697548273	0.000106352939437615	0.0730275996740148	-0.000944642951458065	0.110831419534118	0.000182129667087217	-0.000947568359928174
70.3869680000000	0.102151904216032	8.12566210105355e-05	0.0730268611009248	-0.000878513184960865	0.110969745598241	0.000150133889649564	-0.000884249999819525
70.7604140000000	0.101219182312426	-3.73385048764105e-06	0.0730266935766392	-0.000638391336776339	0.112016350207660	4.51440075033636e-05	-0.000648356889664534
71.1339990000000	0.100950955693434	-0.000153952559096423	0.0730266008978974	-0.000571805096253923	0.113148841055269	-0.000112654523516459	-0.000592958689012902
71.5066260000000	0.0992241205553252	-9.69209915753087e-05	0.0730255326650107	-0.000428084230368736	0.112893470400536	-6.63140885076892e-05	-0.000442971744898406
71.8801780000000	0.0987906326510489	1.15677956361199e-05	0.0730248007310859	-0.000598047931228269	0.113347932273743	5.68445513915274e-05	-0.000608457276430013
72.2534180000000	0.0802416043773630	NaN	0.0730245209801997	NaN	0.114448803704721	3.43555287034208e-05	NaN
72.6272370000000	0.0577419736761706	NaN	0.0730382246456308	NaN	0.140214422540320	4.52477215078066e-05	NaN
73.0006540000000	0.0917540882880056	NaN	0.0733771513277462	NaN	1.33850816207380	0.000150689508431072	NaN