# Pt_MO_En, Pt_MO_r, Pt_MO_i
   4.5000000e+01   1.1963769e-01   7.3048948e-02
   4.5100000e+01   1.2153338e-01   7.3200203e-02
   4.5200000e+01   1.2355231e-01   7.3363766e-02
   4.5300000e+01   1.2574142e-01   7.3538394e-02
   4.5400000e+01   1.2810167e-01   7.3666472e-02
   4.5500000e+01   1.3049312e-01   7.3585889e-02
   4.5600000e+01   1.3383826e-01   7.3627620e-02
   4.5700000e+01   1.3441749e-01   7.0854633e-02
   4.5800000e+01   1.2698654e-01   6.3054183e-02
   4.5900000e+01   1.1425324e-01   5.5289006e-02
   4.6000000e+01   1.1079344e-01   5.8561397e-02
   4.6100000e+01   1.1943361e-01   6.9852172e-02
   4.6200000e+01   1.3438337e-01   8.1239361e-02
   4.6300000e+01   1.4513273e-01   8.5015465e-02
   4.6400000e+01   1.5012692e-01   8.3931776e-02
   4.6500000e+01   1.5321677e-01   8.2836356e-02
   4.6600000e+01   1.5528028e-01   8.1881412e-02
   4.6700000e+01   1.5803449e-01   8.2319741e-02
   4.6800000e+01   1.6192391e-01   8.3715001e-02
   4.6900000e+01   1.6648932e-01   8.5245319e-02
   4.7000000e+01   1.7161848e-01   8.6786409e-02
   4.7100000e+01   1.7692870e-01   8.7915343e-02
   4.7200000e+01   1.8170058e-01   8.8205017e-02
   4.7300000e+01   1.8638469e-01   8.8494771e-02
   4.7400000e+01   1.9135558e-01   8.8944014e-02
   4.7500000e+01   1.9643427e-01   8.9192227e-02
   4.7600000e+01   2.0181333e-01   8.9440158e-02
   4.7700000e+01   2.0725106e-01   8.9300774e-02
   4.7800000e+01   2.1254723e-01   8.8703643e-02
   4.7900000e+01   2.1766285e-01   8.7743642e-02
   4.8000000e+01   2.2235503e-01   8.6312906e-02
   4.8100000e+01   2.2659900e-01   8.4765206e-02
   4.8200000e+01   2.3216847e-01   8.4763218e-02
   4.8300000e+01   2.3804741e-01   8.4078866e-02
   4.8400000e+01   2.4436013e-01   8.3386653e-02
   4.8500000e+01   2.5138236e-01   8.2623112e-02
   4.8600000e+01   2.5777475e-01   8.0277389e-02
   4.8700000e+01   2.6396510e-01   7.7813942e-02
   4.8800000e+01   2.7031803e-01   7.5332572e-02
   4.8900000e+01   2.7703343e-01   7.2788295e-02
   4.9000000e+01   2.8421824e-01   7.0018924e-02
   4.9100000e+01   2.9147245e-01   6.6425833e-02
   4.9200000e+01   2.9864730e-01   6.2132922e-02
   4.9300000e+01   3.0627838e-01   5.7626173e-02
   4.9400000e+01   3.1310207e-01   5.1135427e-02
   4.9500000e+01   3.1916169e-01   4.3935088e-02
   4.9600000e+01   3.2512461e-01   3.6675248e-02
   4.9700000e+01   3.3059305e-01   2.8496515e-02
   4.9800000e+01   3.3603218e-01   2.0321145e-02
   4.9900000e+01   3.4172196e-01   1.1832090e-02
   5.0000000e+01   3.4532693e-01   7.9189730e-04
   5.0100000e+01   3.5118451e-01  -5.9034413e-03
   5.0200000e+01   3.5921365e-01  -1.3267076e-02
   5.0300000e+01   3.6853425e-01  -2.2408364e-02
   5.0400000e+01   3.7886631e-01  -3.4123926e-02
   5.0500000e+01   3.8459778e-01  -5.4456858e-02
   5.0600000e+01   3.8598587e-01  -7.6563423e-02
   5.0700000e+01   3.8448621e-01  -9.8843635e-02
   5.0800000e+01   3.8161827e-01  -1.2007162e-01
   5.0900000e+01   3.7884249e-01  -1.4000584e-01
   5.1000000e+01   3.7659125e-01  -1.6009408e-01
   5.1100000e+01   3.7296603e-01  -1.8331962e-01
   5.1200000e+01   3.6607227e-01  -2.0963848e-01
   5.1300000e+01   3.5586502e-01  -2.3673894e-01
   5.1400000e+01   3.4353284e-01  -2.6288251e-01
   5.1500000e+01   3.2882386e-01  -2.8905939e-01
   5.1600000e+01   3.1326588e-01  -3.1263136e-01
   5.1700000e+01   2.9738596e-01  -3.3505475e-01
   5.1800000e+01   2.8022460e-01  -3.5764474e-01
   5.1900000e+01   2.6190808e-01  -3.7886925e-01
   5.2000000e+01   2.4382363e-01  -3.9754672e-01
   5.2100000e+01   2.2510602e-01  -4.1635956e-01
   5.2200000e+01   2.0602749e-01  -4.3347104e-01
   5.2300000e+01   1.8691811e-01  -4.4937380e-01
   5.2400000e+01   1.6651165e-01  -4.6552905e-01
   5.2500000e+01   1.4629508e-01  -4.7821759e-01
   5.2600000e+01   1.2656116e-01  -4.8964499e-01
   5.2700000e+01   1.0631760e-01  -5.0045483e-01
   5.2800000e+01   8.7697052e-02  -5.0692231e-01
   5.2900000e+01   7.0599925e-02  -5.1299601e-01
   5.3000000e+01   5.3971108e-02  -5.1912484e-01
   5.3100000e+01   3.7614187e-02  -5.2466862e-01
   5.3200000e+01   2.0961158e-02  -5.3024312e-01
   5.3300000e+01   3.7432563e-03  -5.3487636e-01
   5.3400000e+01  -1.2442335e-02  -5.3625787e-01
   5.3500000e+01  -2.7290345e-02  -5.3661481e-01
   5.3600000e+01  -4.0965883e-02  -5.3602348e-01
   5.3700000e+01  -5.2994493e-02  -5.3428467e-01
   5.3800000e+01  -6.4411343e-02  -5.3380527e-01
   5.3900000e+01  -7.5753372e-02  -5.3335490e-01
   5.4000000e+01  -8.6856077e-02  -5.3254002e-01
   5.4100000e+01  -9.7895867e-02  -5.3170809e-01
   5.4200000e+01  -1.0851386e-01  -5.2995081e-01
   5.4300000e+01  -1.1875033e-01  -5.2813268e-01
   5.4400000e+01  -1.2901866e-01  -5.2629033e-01
   5.4500000e+01  -1.3881171e-01  -5.2311784e-01
   5.4600000e+01  -1.4752381e-01  -5.1903096e-01
   5.4700000e+01  -1.5522523e-01  -5.1499085e-01
   5.4800000e+01  -1.6217006e-01  -5.1130504e-01
   5.4900000e+01  -1.6889225e-01  -5.0859211e-01
   5.5000000e+01  -1.7606515e-01  -5.0679002e-01
   5.5100000e+01  -1.8350488e-01  -5.0456764e-01
   5.5200000e+01  -1.9114812e-01  -5.0231905e-01
   5.5300000e+01  -1.9844587e-01  -4.9892607e-01
   5.5400000e+01  -2.0491889e-01  -4.9507745e-01
   5.5500000e+01  -2.1037549e-01  -4.9119124e-01
   5.5600000e+01  -2.1478264e-01  -4.8811636e-01
   5.5700000e+01  -2.2020019e-01  -4.8881651e-01
   5.5800000e+01  -2.2717919e-01  -4.8953105e-01
   5.5900000e+01  -2.3531275e-01  -4.9025551e-01
   5.6000000e+01  -2.4438552e-01  -4.9035236e-01
   5.6100000e+01  -2.5337089e-01  -4.8871515e-01
   5.6200000e+01  -2.6216976e-01  -4.8733026e-01
   5.6300000e+01  -2.7107790e-01  -4.8592619e-01
   5.6400000e+01  -2.8023674e-01  -4.8476426e-01
   5.6500000e+01  -2.9006200e-01  -4.8413078e-01
   5.6600000e+01  -3.0079015e-01  -4.8348366e-01
   5.6700000e+01  -3.1274848e-01  -4.8285000e-01
   5.6800000e+01  -3.2518737e-01  -4.8020996e-01
   5.6900000e+01  -3.3748691e-01  -4.7702643e-01
   5.7000000e+01  -3.5060623e-01  -4.7490771e-01
   5.7100000e+01  -3.6593831e-01  -4.7309126e-01
   5.7200000e+01  -3.8153631e-01  -4.6654224e-01
   5.7300000e+01  -3.9725847e-01  -4.6107765e-01
   5.7400000e+01  -4.1527842e-01  -4.5582031e-01
   5.7500000e+01  -4.3520435e-01  -4.4638310e-01
   5.7600000e+01  -4.5385104e-01  -4.3048773e-01
   5.7700000e+01  -4.7105651e-01  -4.1447378e-01
   5.7800000e+01  -4.8975900e-01  -3.9836582e-01
   5.7900000e+01  -5.0779005e-01  -3.7318707e-01
   5.8000000e+01  -5.2083785e-01  -3.4172443e-01
   5.8100000e+01  -5.2889691e-01  -3.0991816e-01
   5.8200000e+01  -5.3357437e-01  -2.7767632e-01
   5.8300000e+01  -5.3102314e-01  -2.3910183e-01
   5.8400000e+01  -5.2297702e-01  -2.1112050e-01
   5.8500000e+01  -5.1837158e-01  -1.9282331e-01
   5.8600000e+01  -5.1650984e-01  -1.6653264e-01
   5.8700000e+01  -5.0612821e-01  -1.2773922e-01
   5.8800000e+01  -4.8916125e-01  -1.0394804e-01
   5.8900000e+01  -4.6877040e-01  -7.9992653e-02
   5.9000000e+01  -4.5184417e-01  -7.6986413e-02
   5.9100000e+01  -4.4252080e-01  -6.8164867e-02
   5.9200000e+01  -4.3680725e-01  -5.6446277e-02
   5.9300000e+01  -4.1607848e-01  -1.6191768e-02
   5.9400000e+01  -3.9134433e-01  -2.8626156e-02
   5.9500000e+01  -3.9228072e-01  -4.8235655e-02
   5.9600000e+01  -3.9402267e-01  -1.4024399e-02
   5.9700000e+01  -3.7049475e-01   2.0417474e-02
   5.9800000e+01  -3.4448873e-01   9.8075478e-03
   5.9900000e+01  -3.3065789e-01   4.3040037e-03
   6.0000000e+01  -3.2282079e-01  -1.2364871e-03
   6.0100000e+01  -3.1512056e-01   5.4498953e-03
   6.0200000e+01  -3.0467921e-01   6.5479823e-03
   6.0300000e+01  -2.9448137e-01   7.6532811e-03
   6.0400000e+01  -2.8385582e-01   7.5857192e-03
   6.0500000e+01  -2.7342504e-01   4.8535274e-03
   6.0600000e+01  -2.6464482e-01  -7.1605555e-04
   6.0700000e+01  -2.5831692e-01  -6.9529711e-03
   6.0800000e+01  -2.5457661e-01  -1.3231009e-02
   6.0900000e+01  -2.5279561e-01  -1.6880936e-02
   6.1000000e+01  -2.5073167e-01  -1.7019821e-02
   6.1100000e+01  -2.4702755e-01  -1.7159345e-02
   6.1200000e+01  -2.4235011e-01  -1.9219885e-02
   6.1300000e+01  -2.3867239e-01  -2.4821269e-02
   6.1400000e+01  -2.3729820e-01  -3.0458925e-02
   6.1500000e+01  -2.3859895e-01  -3.6613722e-02
   6.1600000e+01  -2.4305431e-01  -3.9837533e-02
   6.1700000e+01  -2.4632211e-01  -3.3587529e-02
   6.1800000e+01  -2.4580684e-01  -3.0652480e-02
   6.1900000e+01  -2.4449742e-01  -2.8960516e-02
   6.2000000e+01  -2.4248568e-01  -2.7494088e-02
   6.2100000e+01  -2.4050911e-01  -2.9030397e-02
   6.2200000e+01  -2.3990759e-01  -3.0857184e-02
   6.2300000e+01  -2.4088968e-01  -3.2909863e-02
   6.2400000e+01  -2.4280982e-01  -3.1993864e-02
   6.2500000e+01  -2.4383973e-01  -2.9749768e-02
   6.2600000e+01  -2.4402488e-01  -2.8910558e-02
   6.2700000e+01  -2.4619243e-01  -3.1351053e-02
   6.2800000e+01  -2.4950226e-01  -2.5515711e-02
   6.2900000e+01  -2.4999741e-01  -2.0827135e-02
   6.3000000e+01  -2.4953721e-01  -1.7534184e-02
   6.3100000e+01  -2.4856123e-01  -1.3980665e-02
   6.3200000e+01  -2.4695959e-01  -1.1761775e-02
   6.3300000e+01  -2.4556188e-01  -1.0579355e-02
   6.3400000e+01  -2.4467363e-01  -9.3892804e-03
   6.3500000e+01  -2.4423189e-01  -8.1195182e-03
   6.3600000e+01  -2.4367020e-01  -5.2673046e-03
   6.3700000e+01  -2.4178267e-01  -2.3970176e-03
   6.3800000e+01  -2.3927226e-01  -2.4471926e-03
   6.3900000e+01  -2.3750134e-01  -2.7472043e-03
   6.4000000e+01  -2.3610581e-01  -3.3923726e-03
   6.4100000e+01  -2.3556160e-01  -5.4090100e-03
   6.4200000e+01  -2.3680670e-01  -6.8514877e-03
   6.4300000e+01  -2.3855623e-01  -4.5785618e-03
   6.4400000e+01  -2.3904897e-01  -2.8387359e-03
   6.4500000e+01  -2.3879474e-01  -1.0880287e-03
   6.4600000e+01  -2.3789662e-01  -8.9219856e-04
   6.4700000e+01  -2.3751341e-01  -2.4475842e-03
   6.4800000e+01  -2.3850066e-01  -4.0125805e-03
   6.4900000e+01  -2.4083803e-01  -5.0342644e-03
   6.5000000e+01  -2.4401787e-01  -3.9649902e-03
   6.5100000e+01  -2.4695260e-01  -1.9484507e-03
   6.5200000e+01  -2.4950249e-01   2.4824428e-04
   6.5300000e+01  -2.5189500e-01   2.4752752e-03
   6.5400000e+01  -2.5418944e-01   5.1423850e-03
   6.5500000e+01  -2.5619491e-01   7.8960823e-03
   6.5600000e+01  -2.5789257e-01   1.0666537e-02
   6.5700000e+01  -2.5924871e-01   1.3112733e-02
   6.5800000e+01  -2.6063545e-01   1.4561361e-02
   6.5900000e+01  -2.6268057e-01   1.6018619e-02
   6.6000000e+01  -2.6518470e-01   1.8165622e-02
   6.6100000e+01  -2.6773579e-01   2.0321661e-02
   6.6200000e+01  -2.7088870e-01   2.1526595e-02
   6.6300000e+01  -2.7531930e-01   2.4393964e-02
   6.6400000e+01  -2.8033477e-01   2.8227167e-02
   6.6500000e+01  -2.8530915e-01   3.4913171e-02
   6.6600000e+01  -2.8892856e-01   4.1056223e-02
   6.6700000e+01  -2.9213038e-01   4.6864594e-02
   6.6800000e+01  -2.9543139e-01   5.2707270e-02
   6.6900000e+01  -2.9874574e-01   5.9972150e-02
   6.7000000e+01  -3.0132797e-01   6.7279663e-02
   6.7100000e+01  -3.0349296e-01   7.4586738e-02
   6.7200000e+01  -3.0548142e-01   8.2282426e-02
   6.7300000e+01  -3.0688024e-01   9.1543796e-02
   6.7400000e+01  -3.0665681e-01   1.0052299e-01
   6.7500000e+01  -3.0493681e-01   1.0896424e-01
   6.7600000e+01  -3.0169026e-01   1.1625276e-01
   6.7700000e+01  -2.9741351e-01   1.2123712e-01
   6.7800000e+01  -2.9319491e-01   1.2518611e-01
   6.7900000e+01  -2.8880792e-01   1.2915682e-01
   6.8000000e+01  -2.8393827e-01   1.3042331e-01
   6.8100000e+01  -2.8042696e-01   1.3047341e-01
   6.8200000e+01  -2.7956060e-01   1.3052212e-01
   6.8300000e+01  -2.8079099e-01   1.3775240e-01
   6.8400000e+01  -2.7897390e-01   1.4617954e-01
   6.8500000e+01  -2.7318451e-01   1.5396567e-01
   6.8600000e+01  -2.6401592e-01   1.5488965e-01
   6.8700000e+01  -2.5538103e-01   1.5495715e-01
   6.8800000e+01  -2.4647680e-01   1.5256474e-01
   6.8900000e+01  -2.3836527e-01   1.4831838e-01
   6.9000000e+01  -2.3159512e-01   1.4404541e-01
   6.9100000e+01  -2.2553940e-01   1.3974212e-01
   6.9200000e+01  -2.1985328e-01   1.3510442e-01
   6.9300000e+01  -2.1429036e-01   1.3043813e-01
   6.9400000e+01  -2.0843035e-01   1.2426389e-01
   6.9500000e+01  -2.0303317e-01   1.1678801e-01
   6.9600000e+01  -1.9838434e-01   1.0920538e-01
   6.9700000e+01  -1.9410880e-01   9.9942683e-02
   6.9800000e+01  -1.9119123e-01   9.0518290e-02
   6.9900000e+01  -1.8866536e-01   8.2803884e-02
   7.0000000e+01  -1.8476050e-01   7.0210209e-02
   7.0100000e+01  -1.8250249e-01   5.7543502e-02
   7.0200000e+01  -1.8023373e-01   4.2903353e-02
   7.0300000e+01  -1.7866809e-01   2.2282321e-02
   7.0400000e+01  -1.8120737e-01   1.5433521e-03
   7.0500000e+01  -1.8630291e-01  -2.2200772e-02
   7.0600000e+01  -1.9519364e-01  -4.9260248e-02
   7.0700000e+01  -2.0562134e-01  -7.5485322e-02
   7.0800000e+01  -2.2106341e-01  -1.5303769e-01
   7.0900000e+01  -2.8954784e-01  -1.9162817e-01
   7.1000000e+01  -3.8803700e-01  -2.1627463e-01
   7.1100000e+01  -5.2961331e-01  -2.0317867e-01
   7.1200000e+01  -7.2817921e-01  -1.5132840e-01
   7.1300000e+01  -9.7902069e-01   1.5790728e-01
   7.1400000e+01  -1.0692872e+00   4.4708922e-01
   7.1500000e+01  -1.0316807e+00   5.8927681e-01
   7.1600000e+01  -9.7078669e-01   7.2143443e-01
   7.1700000e+01  -8.5949179e-01   7.5874902e-01
   7.1800000e+01  -7.5542949e-01   7.7947739e-01
   7.1900000e+01  -6.4649917e-01   7.5704913e-01
   7.2000000e+01  -5.5644476e-01   7.2060124e-01
   7.2100000e+01  -4.8685399e-01   6.8554524e-01
   7.2200000e+01  -4.3152695e-01   6.5280966e-01
   7.2300000e+01  -3.8739235e-01   6.2279147e-01
   7.2400000e+01  -3.5294507e-01   5.9632523e-01
   7.2500000e+01  -3.2714786e-01   5.7569780e-01
   7.2600000e+01  -3.0680071e-01   5.6333751e-01
   7.2700000e+01  -2.8589390e-01   5.5035008e-01
   7.2800000e+01  -2.6698969e-01   5.3635394e-01
   7.2900000e+01  -2.5252258e-01   5.2698125e-01
   7.3000000e+01  -2.3930656e-01   5.1922959e-01
   7.3100000e+01  -2.2790115e-01   5.1142946e-01
   7.3200000e+01  -2.2061262e-01   5.1109171e-01
   7.3300000e+01  -2.1164525e-01   5.1181601e-01
   7.3400000e+01  -2.0176061e-01   5.1253855e-01
   7.3500000e+01  -1.9228286e-01   5.1570862e-01
   7.3600000e+01  -1.8177871e-01   5.1946934e-01
   7.3700000e+01  -1.7138079e-01   5.2324479e-01
   7.3800000e+01  -1.6351160e-01   5.3435786e-01
   7.3900000e+01  -1.5274406e-01   5.4806843e-01
   7.4000000e+01  -1.3960660e-01   5.6322445e-01
   7.4100000e+01  -1.2587368e-01   5.9328619e-01
   7.4200000e+01  -9.5290186e-02   6.2312578e-01
   7.4300000e+01  -4.4918532e-02   6.4421998e-01
   7.4400000e+01   2.1883918e-02   6.6542104e-01
   7.4500000e+01   1.2510002e-01   7.0687372e-01
   7.4600000e+01   3.3662243e-01   6.1647092e-01
   7.4700000e+01   5.6339176e-01   4.6091536e-01
   7.4800000e+01   7.8659480e-01   1.8893852e-01
   7.4900000e+01   8.8336199e-01  -1.7233974e-02
   7.5000000e+01   9.1952272e-01  -2.1922623e-01
   7.5100000e+01   8.5019480e-01  -3.3190017e-01
   7.5200000e+01   7.2236851e-01  -3.4405465e-01
   7.5300000e+01   6.0888480e-01  -3.2481469e-01
   7.5400000e+01   5.1933777e-01  -2.9954398e-01
   7.5500000e+01   4.4930648e-01  -2.7869651e-01
   7.5600000e+01   3.8748424e-01  -2.5689040e-01
   7.5700000e+01   3.3080296e-01  -2.2974835e-01
   7.5800000e+01   2.8369265e-01  -2.0314258e-01
   7.5900000e+01   2.4495883e-01  -1.7799186e-01
   7.6000000e+01   2.1438892e-01  -1.5341642e-01
   7.6100000e+01   1.9639655e-01  -1.4192736e-01
   7.6200000e+01   1.7684762e-01  -1.3037627e-01
   7.6300000e+01   1.5717242e-01  -1.1876303e-01
   7.6400000e+01   1.3661068e-01  -1.0506326e-01
   7.6500000e+01   1.1646061e-01  -8.7855114e-02
   7.6600000e+01   1.0168946e-01  -7.2497390e-02
   7.6700000e+01   9.1318306e-02  -5.8774278e-02
   7.6800000e+01   8.6296628e-02  -4.9423283e-02
   7.6900000e+01   8.3592411e-02  -4.2009520e-02
   7.7000000e+01   8.3779315e-02  -3.6537398e-02
   7.7100000e+01   8.8596435e-02  -3.7377037e-02
   7.7200000e+01   9.1650814e-02  -3.8490876e-02
   7.7300000e+01   9.4430540e-02  -4.0734162e-02
   7.7400000e+01   9.6090752e-02  -4.2988676e-02
   7.7500000e+01   9.7057083e-02  -4.5348903e-02
   7.7600000e+01   9.7348009e-02  -4.7753983e-02
   7.7700000e+01   9.6833175e-02  -4.9969149e-02
   7.7800000e+01   9.5590848e-02  -5.1986563e-02
   7.7900000e+01   9.3589407e-02  -5.4013858e-02
   7.8000000e+01   8.9677098e-02  -5.4760571e-02
   7.8100000e+01   8.4262267e-02  -5.3766544e-02
   7.8200000e+01   7.9256867e-02  -5.2766882e-02
   7.8300000e+01   7.3987370e-02  -5.1761575e-02
   7.8400000e+01   6.6769017e-02  -4.8719011e-02
   7.8500000e+01   5.9734785e-02  -4.4967527e-02
   7.8600000e+01   5.3502412e-02  -4.1196440e-02
   7.8700000e+01   4.7923355e-02  -3.7405712e-02
   7.8800000e+01   4.3158386e-02  -3.3595305e-02
   7.8900000e+01   4.0530859e-02  -3.1162495e-02
   7.9000000e+01   3.9412158e-02  -3.0566374e-02
   7.9100000e+01   3.6476063e-02  -2.9966933e-02
   7.9200000e+01   2.6225764e-02  -2.2865323e-02
   7.9300000e+01   1.9438363e-02  -1.5579979e-02
   7.9400000e+01   2.0790677e-02  -1.2282437e-02
   7.9500000e+01   3.2917779e-02  -1.7531633e-02
   7.9600000e+01   4.2428340e-02  -2.2807139e-02
   7.9700000e+01   5.1255944e-02  -2.8240877e-02
   7.9800000e+01   6.3040233e-02  -3.6245455e-02
   7.9900000e+01   7.3436425e-02  -4.4289915e-02
   8.0000000e+01   8.4273764e-02  -5.2374332e-02
